10
566198.500000 -211234.125000 680375.500000 -604.897278 823.294678 596.880005 -329554496.000000
107940.000000 -444450.562500 536459.250000 -270.431091 257.741699 -45.205933 26801856.000000
271423.500000 832390.250000 904459.500000 213.937744 -716.794922 434.593872 -967398848.000000
608353.500000 -725536.875000 -514226.468750 -740.419128 -198.111267 -686.641846 -782382400.000000
25864.812500 -563486.187500 997849.000000 -407.936768 225.279663 678.224365 275104512.000000
945550.125000 -12834.000000 48574.312500 53.489868 542.715332 -414.966431 539827712.000000
-433370.500000 783058.875000 -199542.750000 838.052856 615.448975 -295.083313 -860489472.000000
-827888.312500 51990.750000 898654.125000 780.465210 326.453735 -615.572327 -302214144.000000
-84596.500000 -959953.875000 -871657.375000 941.268066 -523.440125 -873.808350 804416256.000000
79520.750000 -466668.500000 701839.625000 25.070679 520.497314 -249.586060 335447552.000000
